# Created by Octave 4.2.1, Sun Mar 26 03:47:06 2017 BRT <koichi@satc655>
# name: aState
# type: scalar
210057.4592


